157.0004 218
156.8983 229.2183
156.5951 240.2893
156.0959 251.1993
155.4055 261.9347
154.529 272.4817
153.4712 282.8267
152.237 292.9558
150.8315 302.8556
149.2594 312.5122
147.5258 321.9119
145.6356 331.0411
143.5938 339.8861
141.4052 348.4331
139.0747 356.6685
136.6074 364.5786
134.0082 372.1496
131.2819 379.3678
128.4335 386.2197
125.468 392.6914
122.3903 398.7693
119.2053 404.4398
115.918 409.6889
112.5332 414.5032
109.0559 418.8688
105.4911 422.7722
101.8436 426.1995
98.1185 429.1372
94.3206 431.5714
90.4548 433.4886
86.5262 434.8749
82.5396 435.7167
78.5 436.0004
74.4604 435.7167
70.4738 434.8749
66.5452 433.4886
62.6794 431.5714
58.8815 429.1372
55.1564 426.1995
51.5089 422.7722
47.9441 418.8688
44.4668 414.5032
41.0821 409.6889
37.7947 404.4398
34.6097 398.7693
31.532 392.6914
28.5665 386.2197
25.7181 379.3678
22.9918 372.1496
20.3926 364.5786
17.9253 356.6685
15.5948 348.4331
13.4062 339.8861
11.3644 331.0411
9.4742 321.9119
7.7406 312.5122
6.1686 302.8556
4.763 292.9558
3.5288 282.8267
2.471 272.4817
1.5944 261.9347
0.9041 251.1993
0.4049 240.2893
0.1017 229.2183
-0.0004 218
0.1017 206.7817
0.4049 195.7107
0.9041 184.8007
1.5944 174.0653
2.471 163.5183
3.5288 153.1734
4.763 143.0441
6.1686 133.1444
7.7406 123.4878
9.4742 114.0881
11.3644 104.9589
13.4062 96.1139
15.5948 87.5669
17.9253 79.3315
20.3926 71.4215
22.9918 63.8504
25.7181 56.6322
28.5665 49.7803
31.532 43.3086
34.6097 37.2306
37.7947 31.5602
41.0821 26.3111
44.4668 21.4968
47.9441 17.1312
51.5089 13.2278
55.1564 9.8005
58.8815 6.8628
62.6794 4.4286
66.5452 2.5115
70.4738 1.1251
74.4604 0.2833
78.5 -0.0004
82.5396 0.2833
86.5262 1.1251
90.4548 2.5115
94.3206 4.4286
98.1185 6.8628
101.8436 9.8005
105.4911 13.2278
109.0559 17.1312
112.5332 21.4968
115.918 26.3111
119.2053 31.5602
122.3903 37.2306
125.468 43.3086
128.4335 49.7803
131.2819 56.6322
134.0082 63.8504
136.6074 71.4215
139.0747 79.3315
141.4052 87.5669
143.5938 96.1139
145.6356 104.9589
147.5258 114.0881
149.2594 123.4878
150.8315 133.1444
152.237 143.0441
153.4712 153.1734
154.529 163.5183
155.4055 174.0653
156.0959 184.8007
156.5951 195.7107
156.8983 206.7817
