237.0004 234.5
236.8482 246.3101
236.3963 257.9651
235.6523 269.4507
234.6234 280.7523
233.3169 291.8557
231.7403 302.7464
229.9008 313.4099
227.8059 323.8319
225.4629 333.9979
222.8791 343.8935
220.0619 353.5043
217.0186 362.8159
213.7566 371.8138
210.2832 380.4836
206.6058 388.8109
202.7318 396.7813
198.6684 404.3803
194.4231 411.5937
190.0032 418.4068
185.416 424.8053
180.669 430.7748
175.7693 436.3009
170.7245 441.3692
165.5418 445.9651
160.2287 450.0744
154.7923 453.6825
149.2402 456.7751
143.5797 459.3378
137.818 461.356
131.9626 462.8155
126.0208 463.7018
123.0198 463.9254
120 464.0004
116.9802 463.9254
113.9792 463.7018
108.0374 462.8155
102.182 461.356
96.4203 459.3378
90.7598 456.7751
85.2077 453.6825
79.7713 450.0744
74.4582 445.9651
69.2755 441.3692
64.2307 436.3009
59.331 430.7748
54.584 424.8053
49.9968 418.4068
45.5769 411.5937
41.3316 404.3803
37.2682 396.7813
33.3942 388.8109
29.7168 380.4836
26.2434 371.8138
22.9814 362.8159
19.9381 353.5043
17.1209 343.8935
14.5371 333.9979
12.1941 323.8319
10.0992 313.4099
8.2597 302.7464
6.6831 291.8557
5.3766 280.7523
4.3477 269.4507
3.6037 257.9651
3.1518 246.3101
2.9996 234.5
3.1518 222.6899
3.6037 211.0349
4.3477 199.5493
5.3766 188.2477
6.6831 177.1443
8.2597 166.2536
10.0992 155.5901
12.1941 145.1681
14.5371 135.0021
17.1209 125.1065
19.9381 115.4957
22.9814 106.1841
26.2434 97.1862
29.7168 88.5164
33.3942 80.1891
37.2682 72.2187
41.3316 64.6196
45.5769 57.4063
49.9968 50.5932
54.584 44.1947
59.331 38.2251
64.2307 32.6991
69.2755 27.6308
74.4582 23.0349
79.7713 18.9256
85.2077 15.3175
90.7598 12.2249
96.4203 9.6622
102.182 7.644
108.0374 6.1845
113.9792 5.2982
116.9802 5.0746
120 4.9996
123.0198 5.0746
126.0208 5.2982
131.9626 6.1845
137.818 7.644
143.5797 9.6622
149.2402 12.2249
154.7923 15.3175
160.2287 18.9256
165.5418 23.0349
170.7245 27.6308
175.7693 32.6991
180.669 38.2251
185.416 44.1947
190.0032 50.5932
194.4231 57.4063
198.6684 64.6196
202.7318 72.2187
206.6058 80.1891
210.2832 88.5164
213.7566 97.1862
217.0186 106.1841
220.0619 115.4957
222.8791 125.1065
225.4629 135.0021
227.8059 145.1681
229.9008 155.5901
231.7403 166.2536
233.3169 177.1443
234.6234 188.2477
235.6523 199.5493
236.3963 211.0349
236.8482 222.6899
